100
700
853
537
123
328
60
725
854
110
548
113
891
744
186
914
227
577
394
316
752
258
666
293
821
447
617
807
81
388
26
73
638
286
945
711
58
518
320
413
369
304
766
179
493
714
389
978
259
248
14
773
43
188
203
219
404
634
729
904
353
698
16
627
196
207
329
435
294
676
915
282
728
838
321
275
865
477
284
176
476
900
344
588
356
495
725
320
144
236
37
689
125
395
237
670
28
847
609
191
554
286
441
489
77
933
426
326
706
565
18
137
528
602
692
159
488
785
380
961
532
601
991
654
313
459
162
237
426
676
838
737
610
129
605
221
294
593
564
894
293
998
836
80
876
789
622
336
162
774
91
369
181
341
341
195
400
494
742
821
978
80
819
579
627
416
148
459
229
630
227
241
477
148
470
66
836
899
746
909
887
920
126
789
343
748
282
220
406
281
475
210
583
432
612
675
216
319
913
270
671
815
819
529
30
44
595
234
380
302
221
41
434
141
939
913
351
305
706
653
888
287
637
823
79
335
5
531
566
490
570
539
528
154
472
492
157
769
232
989
624
635
770
311
63
296
412
584
599
953
202
994
833
468
786
368
164
915
426
657
800
806
184
877
668
521
270
876
293
120
265
174
420
486
580
789
131
165
326
318
803
728
852
479
109
69
516
234
995
822
991
344
706
86
986
545
575
72
962
239
131
595
497
546
932
419
673
54
737
385
876
504
465
986
606
832
233
485
263
849
673
325
289
923
937
110
146
514
717
373
94
111
170
592
589
180
612
765
84
125
885
335
707
826
532
890
571
897
448
480
841
832
40
780
483
120
576
19
933
117
322
938
272
738
902
155
529
529
975
401
226
120
372
283
519
607
624
174
286
230
887
170
476
876
253
886
672
226
644
416
647
189
33
205
667
258
524
646
816
709
611
291
765
810
258
370
611
436
992
472
686
739
873
712
940
952
84
497
462
909
912
801
867
631
568
560
299
573
927
151
407
955
394
551
331
191
473
718
764
652
98
45
508
580
770
701
71
193
752
743
137
364
544
298
246
575
377
151
93
62
572
497
906
327
937
209
678
322
424
277
870
172
272
888
221
398
623
981
727
618
255
69
451
637
217
472
795
672
945
0
419
929
582
193
868
214
948
260
388
529
552
435
620
415
943
63
398
579
931
868
608
424
996
287
569
987
303
846
479
638
685
405
995
585
778
689
410
268
63
181
432
447
775
658
523
386
4
708
777
392
275
615
47
766
138
832
80
426
828
232
62
47
647
83
800
236
579
23
815
436
942
384
455
152
656
728
215
448
793
796
660
250
74
569
712
865
207
45
747
302
966
451
979
356
300
174
110
797
197
22
617
242
5
129
683
360
672
232
635
198
3
754
170
147
901
999
935
492
293
354
286
755
481
986
452
675
120
162
89
88
293
131
802
348
504
435
665
187
106
247
132
384
422
884
199
528
111
315
543
836
217
427
693
405
168
977
802
464
895
962
605
49
438
617
958
819
347
283
950
389
923
855
206
329
597
292
984
86
548
779
189
453
167
988
244
840
847
964
908
318
84
443
254
4
764
748
898
869
17
37
981
274
198
814
180
461
822
271
599
519
161
138
661
538
363
136
823
464
995
912
132
642
709
297
201
949
996
184
514
766
544
693
826
222
655
392
571
361
852
9
442
641
929
749
394
935
553
740
147
89
39
336
759
807
941
344
41
408
202
42
410
153
42
351
841
693
467
591
494
305
890
110
628
494
280
631
673
577
757
388
371
519
775
8
784
498
759
891
314
793
984
101
61
899
181
862
614
788
269
793
546
752
70
729
81
708
483
820
677
844
675
948
667
247
968
708
852
190
72
584
96
36
748
645
920
648
867
351
566
997
922
833
835
34
26
407
837
973
102
728
275
59
231
152
703
899
310
369
735
168
549
545
295
77
938
614
990
898
801
374
179
397
949
148
541
508
787
868
740
591
780
376
551
779
708
675
91
264
267
562
68
84
24
363
435
384
221
853
476
608
899
727
947
552
75
524
163
162
997
460
595
12
921
167
133
527
264
298
331
842
533
211
40
884
398
73
809
457
777
741
830
388
933
357
297
746
678
287
522
487
508
619
172
634
457
185
256
955
861
561
428
86
528
521
223
751
923
985
155
884
699
794
168
394
99
629
529
464
349
609
461
176
308
676
565
996
865
146
37
933
105
203
0
982
39
71
300
695
683
797
895
973
30
185
861
871
449
987
31
180
521
604
122
192
113
284
449
878
565
463
663
166
550
990
365
343
158
73
108
576
650
210
480
233
31
397
778
159
490
507
616
828
992
502
786
964
647
535
100
99
863
315
555
757
337
780
870
310
690
148
107
911
43
236
114
890
673
226
882
637
412
721
614
274
926
890
668
895
882
641
450
977
454
722
797
116
118
874
439
205
926
610
220
264
564
350
130
389
8
436
538
205
825
624
375
179
254
445
970
222
77
181
63
371
579
201
480
743
9
308
76
665
487
985
460
894
40
830
490
799
881
408
766
221
319
733
590
572
532
681
705
261
318
688
448
389
460
251
969
203
782
885
578
951
752
621
567
246
314
798
952
434
695
681
961
262
808
660
79
687
525
244
788
758
255
558
288
851
909
724
540
603
432
235
499
937
301
584
672
83
239
403
534
987
991
899
808
190
713
865
926
290
484
513
368
992
293
595
658
649
624
840
773
388
173
472
445
701
483
608
740
298
684
296
170
335
668
651
415
313
750
576
87
607
693
45
841
21
797
939
164
290
796
212
79
578
136
185
91
78
157
16
438
662
51
707
959
552
74
708
641
322
307
292
983
284
173
443
618
577
161
273
114
436
82
443
686
560
868
969
401
111
400
757
676
420
521
294
490
36
982
402
131
46
564
162
745
412
648
303
953
169
78
418
150
42
496
921
944
202
894
934
115
70
903
305
568
951
634
470
525
53
483
217
817
968
717
942
96
874
376
885
439
817
16
442
37
793
722
371
247
53
291
274
782
925
222
378
366
740
522
743
110
697
534
758
607
565
482
251
650
420
971
674
411
300
74
677
956
251
923
284
879
157
749
594
60
178
962
220
339
358
556
412
983
506
194
932
248
761
110
47
722
341
821
553
7
95
578
438
782
597
399
832
478
13
177
650
627
200
734
49
443
810
222
867
414
606
92
511
432
550
687
684
733
992
569
518
7
821
875
3
991
379
379
11
54
858
563
62
998
331
831
327
946
187
531
710
694
752
118
724
612
691
823
383
901
219
203
469
9
323
688
694
491
257
362
490
643
679
303
817
489
382
728
881
955
334
366
898
107
947
295
590
224
554
508
988
344
801
720
667
343
260
215
819
782
59
784
760
275
665
625
672
968
655
653
612
83
175
597
947
802
973
736
865
216
807
128
238
168
326
819
139
877
740
418
776
452
69
50
49
95
571
124
527
279
305
691
242
885
697
722
316
429
833
863
377
575
391
816
635
803
86
49
993
801
113
647
591
482
852
235
705
582
170
566
290
219
576
894
409
862
712
626
50
914
299
880
803
978
654
616
293
492
229
517
978
749
389
224
694
643
82
992
821
850
953
922
292
662
440
928
92
402
106
809
1
115
950
254
354
917
447
804
729
616
103
51
705
269
532
10
823
467
676
996
440
48
469
547
322
766
933
87
440
933
264
147
13
566
144
485
850
819
199
904
650
121
392
96
362
519
83
697
110
550
927
76
191
964
841
22
672
670
771
479
232
906
352
412
466
382
124
506
295
185
1
800
198
948
260
479
498
645
645
777
841
720
637
995
372
841
570
704
986
754
198
339
976
509
118
912
763
24
878
256
598
363
154
840
191
342
175
85
235
515
655
189
418
893
507
973
61
284
52
123
588
566
170
359
164
44
133
427
365
526
26
484
90
860
5
275
306
970
685
397
915
374
717
235
270
906
278
935
797
552
602
804
905
543
419
896
345
81
218
137
4
158
100
184
488
961
614
975
539
44
450
427
926
490
514
334
185
977
712
180
329
3
920
927
374
103
797
953
466
289
872
381
908
970
616
971
410
213
939
838
373
208
946
796
86
139
698
529
583
280
343
912
716
679
635
112
791
892
668
526
923
151
852
413
209
240
778
799
582
109
670
654
590
762
889
619
689
820
650
306
403
826
221
432
730
880
879
698
328
689
4
484
232
480
977
331
654
43
734
256
647
173
59
305
296
599
683
717
498
570
158
499
506
587
800
408
839
235
479
683
925
522
754
511
870
880
844
716
392
184
56
154
18
705
103
660
488
361
236
573
942
208
377
705
408
527
395
754
24
972
55
726
881
987
152
881
568
522
841
93
635
201
364
106
521
988
429
627
961
78
153
799
263
756
360
600
49
387
73
428
528
711
269
646
9
233
547
249
187
651
235
88
875
267
806
500
659
987
882
426
441
257
828
984
627
472
862
701
897
321
960
50
555
327
26
345
265
502
391
16
97
807
862
18
683
979
346
714
137
969
346
789
890
566
794
171
477
488
16
329
27
239
243
975
621
688
788
969
773
528
169
724
32
129
239
223
472
796
669
907
368
211
800
912
929
273
800
725
90
769
689
83
484
288
21
143
131
944
535
635
976
946
11
912
795
734
273
346
78
746
761
200
709
685
488
206
362
567
248
529
197
479
246
854
320
504
212
951
256
201
535
675
999
208
139
345
903
762
346
977
305
1
131
55
787
178
911
933
528
986
967
627
98
805
866
942
787
907
219
322
760
944
718
565
558
462
339
938
919
904
43
159
53
69
927
436
151
528
225
95
345
736
338
496
29
601
98
374
872
646
974
565
464
712
859
381
9
632
384
472
479
253
266
671
997
635
986
281
132
968
817
514
351
460
563
700
243
940
617
836
156
755
616
371
835
646
56
455
836
114
615
302
659
573
579
311
206
349
614
77
382
673
939
752
447
250
376
881
583
925
36
874
715
208
895
64
869
998
969
335
162
729
626
784
975
651
393
289
308
289
289
593
793
757
629
94
749
62
699
493
957
566
806
942
993
816
390
233
154
971
771
408
576
880
71
123
544
964
993
98
891
770
453
507
625
880
160
448
668
12
858
916
586
972
932
954
610
999
273
201
463
10
137
128
162
27
209
42
409
588
982
494
566
756
343
599
667
672
963
114
873
785
871
793
920
690
610
515
545
185
484
109
991
287
904
250
252
662
923
586
679
198
741
778
802
643
324
639
602
983
7
128
769
384
0
928
805
685
139
757
427
186
443
256
422
821
524
617
33
949
195
222
237
839
841
303
123
636
782
290
227
26
195
230
205
420
192
750
253
193
468
100
860
855
178
167
529
393
184
722
174
516
979
2
615
778
767
348
837
833
3
441
705
396
849
184
308
211
314
518
50
617
248
388
728
658
45
620
707
71
617
49
7
616
841
803
737
556
170
740
964
520
726
90
23
810
221
833
640
464
588
508
506
474
171
464
242
1
512
646
104
842
330
954
80
435
160
84
711
401
151
251
859
740
314
321
604
248
276
975
783
904
561
293
209
208
282
606
911
647
424
942
164
383
879
217
917
19
516
730
718
133
538
164
279
17
389
985
289
697
185
796
195
117
989
405
625
998
753
745
491
944
439
394
876
634
102
538
441
99
872
888
185
915
542
381
436
195
10
606
956
658
937
134
840
765
499
926
720
905
395
660
322
560
10
238
139
342
960
409
961
239
882
523
245
312
303
568
606
462
660
869
504
302
472
703
212
362
457
823
113
61
637
852
240
908
69
557
837
880
724
114
225
132
117
445
996
599
626
499
672
159
745
569
242
987
577
556
297
946
722
65
200
325
826
678
576
782
548
971
510
380
275
680
277
500
757
61
404
749
547
672
224
176
348
262
932
123
608
585
948
792
258
274
522
454
759
36
495
396
892
229
955
973
108
977
384
677
630
644
481
654
685
828
176
199
673
433
884
50
858
178
713
721
877
214
386
84
128
155
137
977
711
526
423
224
985
39
824
266
468
280
861
318
132
747
469
943
171
893
69
621
675
515
252
159
999
911
444
818
247
223
674
593
306
674
823
961
398
136
735
239
163
741
190
360
237
993
418
420
760
759
268
784
766
904
104
495
676
820
876
541
299
580
526
416
682
462
501
723
344
542
129
64
831
22
207
361
812
186
309
794
131
66
188
583
440
573
971
78
392
654
119
425
958
54
264
506
961
454
159
947
482
38
620
25
804
655
516
276
828
978
824
598
96
443
441
341
956
93
231
263
591
979
608
809
132
800
605
516
765
276
104
300
673
244
58
462
38
901
522
174
58
148
832
962
731
941
15
783
943
262
864
54
109
415
11
2
682
992
921
840
464
462
637
348
305
972
729
260
81
659
60
339
441
54
305
804
440
516
195
577
740
18
780
143
390
996
477
615
820
712
488
524
32
368
17
420
477
530
675
310
401
93
70
270
694
10
590
839
227
317
216
814
400
6
429
654
718
49
833
46
917
294
421
19
191
941
320
115
145
98
764
408
162
496
965
884
404
862
172
959
0
971
946
267
206
935
240
360
714
615
579
137
641
564
181
289
811
329
878
515
123
536
538
294
177
568
628
553
256
836
672
512
563
683
429
227
19
335
337
119
716
460
647
524
782
239
524
531
822
281
904
761
868
79
551
660
432
7
167
512
798
753
851
519
752
735
398
827
378
307
908
201
969
460
658
740
877
116
318
531
510
440
993
512
954
5
744
710
76
100
594
646
745
297
460
30
203
286
632
591
376
607
788
305
989
26
775
309
76
221
454
183
382
619
629
758
321
348
121
633
809
608
610
695
717
808
317
723
913
378
895
706
753
999
231
875
197
978
226
643
375
359
386
617
169
133
48
756
796
185
286
735
620
89
961
190
159
322
292
985
892
599
704
402
704
22
127
115
675
928
16
57
321
205
940
159
245
762
159
145
760
505
698
30
503
794
614
408
859
299
635
644
857
201
150
872
153
82
937
702
140
521
244
828
399
613
577
772
277
607
285
599
128
510
82
129
119
232
490
753
132
191
686
840
956
565
261
667
849
766
608
30
93
649
730
703
932
2
164
860
300
199
502
347
425
405
314
812
265
206
267
268
14
881
459
665
234
127
881
29
924
853
961
977
528
59
894
471
261
72
843
28
384
823
447
848
823
18
758
979
503
625
204
654
878
303
772
635
245
298
103
643
629
949
601
898
779
531
885
392
846
490
928
134
540
370
771
955
380
737
562
739
855
844
969
987
480
939
270
3
2
610
314
40
369
112
50
861
672
670
906
93
994
661
624
552
748
292
478
832
791
157
441
878
939
963
447
590
63
915
805
252
958
739
462
297
371
227
824
750
949
95
961
980
757
414
239
237
284
738
388
482
378
988
440
66
881
363
297
388
24
137
885
954
75
50
48
562
416
946
857
897
276
250
94
454
508
471
672
129
880
543
594
374
953
848
883
194
19
7
147
41
278
562
602
585
55
891
331
462
739
273
23
419
3
76
878
842
34
141
889
240
356
536
803
800
521
495
174
450
31
468
129
632
414
402
863
757
180
537
971
642
233
652
319
486
861
777
564
234
557
788
308
254
548
384
507
35
654
587
268
422
208
421
400
718
971
29
401
226
912
0
884
178
693
103
789
768
813
619
725
202
726
928
110
520
484
67
39
180
195
530
994
283
89
974
523
54
970
303
956
853
269
725
363
881
716
638
693
284
97
128
75
752
491
997
123
904
912
654
266
911
452
446
508
579
960
356
910
446
510
356
715
577
609
259
635
724
9
836
298
190
460
140
804
62
592
855
846
340
188
220
824
911
311
580
782
420
400
434
478
623
620
448
932
922
374
462
928
503
281
407
41
35
297
178
659
769
864
145
4
695
404
554
765
697
125
0
340
433
293
61
342
840
584
870
961
700
354
523
679
677
544
201
14
69
582
286
541
516
696
913
473
461
172
3
318
49
356
262
969
878
650
376
338
251
461
388
903
779
320
85
779
43
881
456
341
610
982
605
981
84
419
961
665
178
873
516
6
666
168
858
682
71
77
400
46
605
735
20
889
443
355
777
728
581
984
654
954
692
997
34
407
693
910
119
896
195
277
880
121
729
172
15
355
608
865
343
511
425
803
603
213
776
217
682
938
894
210
616
16
313
303
290
663
810
996
949
897
882
101
227
723
554
85
411
560
254
378
932
184
445
349
342
45
991
605
85
774
419
699
578
508
188
632
176
298
896
682
424
145
949
45
74
769
576
231
360
188
851
308
368
269
642
504
119
758
819
299
100
447
168
662
184
402
337
915
712
178
906
163
636
628
671
130
808
286
8
660
724
45
861
979
201
866
127
248
59
76
752
447
878
649
760
495
414
237
725
502
831
934
478
308
357
894
404
206
193
623
894
419
249
157
791
411
539
236
270
186
366
939
810
236
740
152
768
947
496
403
946
692
576
295
462
0
679
835
72
838
10
38
709
718
684
593
309
248
401
270
980
266
172
846
325
720
733
625
811
110
386
814
862
233
168
819
510
932
758
990
880
415
542
481
658
609
850
644
139
390
535
253
748
43
736
802
30
502
90
879
22
931
415
243
516
418
570
253
756
92
102
292
406
795
386
779
344
625
957
868
990
81
74
547
723
610
640
443
623
802
481
335
37
439
565
398
224
209
682
57
665
347
482
89
632
560
329
1
420
914
538
195
912
757
133
798
685
234
751
229
646
160
637
99
636
429
846
594
782
971
277
980
884
189
168
552
232
720
200
174
738
527
197
902
455
350
716
354
437
960
592
59
718
388
459
545
686
90
311
349
786
452
502
136
823
407
834
663
804
625
266
542
534
724
41
592
486
760
564
33
880
623
896
547
843
402
342
220
848
866
341
97
1
552
2
36
775
85
445
224
768
861
771
813
115
22
644
743
569
616
953
345
386
68
388
119
81
598
203
369
581
255
922
779
965
531
788
977
776
66
278
216
902
874
24
648
582
553
905
557
196
312
733
989
486
187
974
836
636
516
261
490
507
136
435
367
540
986
968
469
693
99
503
123
395
523
564
506
402
872
163
791
36
397
143
937
641
863
947
685
553
289
816
102
827
679
132
144
729
743
155
891
11
555
101
652
748
243
828
367
20
784
975
889
35
67
568
786
23
980
407
776
883
247
897
702
52
608
193
691
104
175
208
119
541
719
852
321
612
616
355
347
264
556
546
623
375
471
958
515
435
687
990
119
813
979
139
959
776
704
701
860
269
838
12
693
240
2
304
132
6
237
437
75
194
97
526
100
203
419
652
408
250
76
412
775
973
233
299
30
116
51
902
159
37
177
642
2
432
673
468
234
417
477
551
946
989
394
544
445
754
908
759
13
720
878
484
660
878
694
292
94
203
124
447
832
530
554
454
601
305
383
30
910
854
310
452
804
93
692
324
678
147
751
50
983
64
705
132
233
965
308
346
860
682
807
499
938
298
239
437
255
814
41
153
790
322
483
129
670
584
42
886
155
15
550
234
417
287
474
175
500
284
656
722
99
157
641
480
538
112
642
19
166
636
18
40
260
322
888
233
595
848
241
578
488
883
959
930
87
249
965
336
15
801
295
263
391
807
606
496
820
128
937
970
524
862
743
689
341
680
689
72
399
546
85
188
616
268
572
654
758
449
621
148
599
519
11
222
308
253
305
584
36
918
982
456
237
225
996
558
301
202
754
323
350
417
881
183
728
157
587
635
201
788
783
80
719
561
241
674
750
715
95
172
381
86
743
657
739
897
292
268
951
163
679
949
781
834
297
497
428
338
726
396
788
742
454
78
933
382
750
799
74
349
443
872
925
885
846
72
532
265
435
679
929
511
820
547
719
145
42
788
936
695
411
358
539
90
911
467
627
919
340
458
19
526
994
328
646
469
97
329
139
838
46
179
245
563
325
64
976
761
472
326
607
0
141
372
155
429
85
427
486
833
497
870
838
418
215
688
765
860
723
209
668
700
257
932
584
865
526
960
365
983
326
217
879
81
399
978
687
290
957
602
666
505
631
464
166
287
47
356
477
301
983
115
460
94
791
406
165
447
163
560
737
439
504
370
658
783
735
669
251
271
850
163
211
937
260
955
686
943
134
791
628
100
459
172
262
337
452
621
354
879
784
11
80
924
747
469
788
948
288
800
140
541
201
412
12
191
211
651
653
934
702
111
364
982
642
118
438
897
110
788
889
135
977
158
918
195
339
14
427
494
438
104
509
667
526
144
658
774
447
45
196
370
734
974
42
677
968
128
537
818
382
857
455
962
962
780
232
992
139
505
321
320
900
88
226
83
212
186
937
42
998
925
793
628
832
866
986
863
208
476
521
71
602
150
224
533
943
265
385
606
992
42
819
494
184
149
831
194
455
944
117
24
147
125
111
379
568
885
551
798
136
966
788
308
574
673
32
186
892
314
645
202
573
829
21
277
901
161
473
468
428
516
993
306
713
395
531
57
939
356
526
904
955
674
902
486
325
340
642
927
502
355
48
920
559
389
363
935
903
547
307
220
535
715
955
590
558
715
175
3
405
411
652
392
61
965
873
945
548
988
939
718
735
230
279
731
585
688
697
826
346
756
1
454
603
305
517
951
989
856
729
541
465
446
362
538
162
27
51
953
423
717
95
293
620
193
5
672
768
848
98
25
746
122
168
616
164
954
283
769
450
566
468
882
396
33
119
955
486
774
903
705
441
491
130
703
162
984
231
698
776
299
171
688
907
353
363
60
912
650
507
480
409
50
965
511
409
520
550
149
125
757
522
902
318
834
687
976
435
694
343
343
164
51
728
739
249
572
734
607
112
829
239
288
822
383
119
208
508
678
474
550
451
73
855
668
539
782
668
925
748
295
291
161
856
109
76
750
896
711
461
220
274
911
493
589
92
25
398
440
107
505
744
705
148
56
418
750
299
691
259
464
746
24
398
628
185
421
573
149
572
743
85
304
642
364
415
60
129
637
574
44
703
900
780
890
316
558
87
713
547
780
177
567
223
596
365
421
778
495
781
269
961
319
921
423
531
767
289
216
320
343
796
439
735
498
105
765
839
701
962
113
887
591
473
893
481
576
795
792
825
911
601
721
707
955
237
916
498
350
609
693
477
113
27
558
597
256
228
214
585
836
424
665
650
638
33
646
442
575
316
497
255
313
357
556
398
104
829
548
995
875
97
663
532
786
767
477
669
963
690
994
871
172
444
990
705
223
691
54
368
605
580
355
474
72
204
164
783
698
990
275
208
707
438
306
18
955
268
408
276
965
581
379
995
939
907
107
783
380
44
593
518
503
152
955
358
954
683
653
264
59
875
861
800
339
972
418
537
450
15
690
997
123
697
639
394
501
71
453
968
690
232
963
871
24
275
860
926
449
406
153
38
938
336
869
949
165
615
444
318
386
531
496
565
217
812
729
920
285
398
704
986
989
114
921
153
252
289
147
919
187
593
782
157
424
322
839
227
190
802
570
573
40
100
829
408
747
520
517
90
567
276
8
126
825
663
806
391
568
702
852
172
698
872
54
122
179
612
433
615
794
82
842
178
175
871
294
481
484
322
655
994
472
699
488
794
818
396
278
652
448
431
634
954
331
94
15
567
190
26
645
637
500
659
391
457
668
519
751
692
306
518
964
941
771
801
805
874
228
538
565
966
415
399
467
396
43
121
820
777
950
545
511
512
922
65
221
287
234
944
259
22
128
279
534
872
364
89
114
770
906
128
935
896
65
842
888
591
868
747
737
125
110
715
364
908
815
248
872
766
325
934
632
291
289
3
755
573
448
536
772
28
570
321
200
766
114
621
176
894
570
120
194
613
147
638
336
710
142
379
637
451
258
750
439
46
874
836
870
842
10
968
511
119
806
616
965
652
295
403
837
262
547
302
892
127
672
758
63
202
253
79
599
451
268
83
687
323
184
727
531
793
423
367
415
309
52
538
513
853
444
40
908
482
922
439
777
133
585
229
396
803
286
360
689
432
800
289
418
232
845
648
758
360
658
464
71
586
838
355
311
135
676
816
800
159
771
664
271
909
635
801
148
926
766
42
345
256
665
885
508
774
318
746
483
401
599
896
115
387
529
830
621
853
163
408
670
409
241
845
409
809
817
453
899
734
777
592
402
405
139
482
283
484
263
674
151
778
35
658
121
12
681
961
790
555
885
83
506
603
578
650
531
599
128
662
948
968
956
512
128
101
339
172
665
827
316
788
604
965
634
114
651
200
258
686
175
301
743
541
735
473
560
634
57
346
563
774
516
135
672
772
256
210
69
703
507
74
953
820
88
816
6
308
182
43
456
938
282
327
293
531
850
673
496
475
472
317
414
603
199
544
612
392
36
730
3
568
156
987
410
886
14
158
758
589
77
114
327
312
301
669
842
808
199
820
871
575
378
686
110
833
912
926
483
258
946
991
51
418
89
866
578
909
954
354
267
312
429
169
899
134
555
19
522
520
89
696
7
634
709
48
462
642
852
846
65
940
45
863
585
449
542
940
775
271
569
242
515
25
418
771
392
494
232
358
258
583
285
233
573
186
780
638
107
796
478
236
801
299
889
676
776
354
206
284
315
389
125
785
529
492
367
605
153
221
688
872
285
594
127
466
269
273
483
718
536
650
35
827
377
795
674
372
172
352
222
447
724
126
716
995
226
270
25
482
228
287
487
486
343
564
378
696
186
621
102
59
490
273
279
415
539
576
692
442
842
199
585
657
508
357
288
332
689
290
60
855
883
88
369
324
125
9
475
494
114
239
969
193
588
483
38
965
389
278
92
962
165
699
445
381
400
421
687
368
435
996
147
431
587
459
27
358
914
397
909
921
216
118
561
60
858
654
555
137
137
896
61
255
785
305
276
119
868
915
84
874
891
433
91
71
536
733
88
417
963
413
422
348
191
517
152
232
672
725
739
822
628
483
778
111
155
36
298
844
556
427
67
528
901
588
0
306
334
306
851
135
3
524
160
84
629
359
900
369
172
445
601
640
570
155
625
925
294
616
549
80
124
729
249
389
870
985
917
733
225
950
418
973
719
903
815
548
780
921
256
659
631
769
714
445
879
163
861
341
551
633
6
630
480
320
216
701
633
293
975
732
717
212
33
120
538
928
616
121
417
447
864
250
599
373
746
894
87
913
971
523
409
732
492
891
819
965
318
4
731
10
650
297
222
282
522
402
88
821
407
967
576
300
848
442
807
493
660
633
622
703
661
275
169
252
745
514
835
340
662
734
591
638
537
963
736
346
842
257
918
857
64
697
85
326
173
95
796
62
53
778
391
234
753
497
154
126
34
600
546
265
948
968
929
333
233
588
366
529
70
591
935
585
814
899
220
55
801
685
369
931
209
524
72
654
145
25
200
812
299
0
62
456
52
116
302
761
85
256
182
450
553
946
223
48
302
618
737
108
466
224
875
800
476
12
147
734
491
271
376
380
471
391
33
860
554
767
521
80
698
677
682
939
863
476
947
122
979
994
904
865
811
940
852
658
825
494
854
760
946
839
573
89
923
920
208
754
667
309
335
941
252
628
296
550
796
659
263
267
115
686
149
497
512
949
155
795
28
868
747
894
514
645
91
472
906
104
384
774
753
626
563
973
631
451
610
184
228
577
149
520
663
443
187
626
941
320
194
633
907
45
695
205
344
957
983
156
361
466
691
524
898
354
793
754
478
750
165
29
132
932
308
420
222
876
512
54
214
495
661
120
120
275
342
576
630
403
501
185
660
315
342
359
473
914
294
986
838
616
93
432
222
631
29
827
434
142
966
817
912
631
616
474
103
946
796
109
810
83
896
899
183
319
948
581
938
620
21
840
130
590
558
158
288
509
966
857
16
420
851
89
54
589
752
733
606
647
973
926
543
649
620
734
477
921
467
24
865
997
659
521
584
83
748
331
445
708
339
931
571
707
817
505
523
371
729
820
887
110
645
64
169
362
693
399
434
93
198
764
675
282
403
528
665
780
315
299
609
807
742
716
40
462
885
996
973
206
37
716
590
170
480
711
644
240
8
433
516
744
872
647
650
477
314
833
844
556
70
130
416
266
286
296
347
402
251
583
768
683
530
672
449
975
153
990
908
136
153
865
45
998
743
91
668
900
762
128
755
432
835
955
655
640
28
996
496
610
215
486
238
396
180
4
250
859
918
635
662
535
226
658
34
298
813
78
556
977
322
730
771
43
373
724
976
439
158
555
346
387
69
252
668
767
150
340
45
679
1
960
164
991
122
776
950
809
312
594
166
426
931
626
143
978
351
799
585
698
656
425
949
824
768
982
199
142
100
797
567
313
888
618
980
765
498
279
142
214
658
427
374
849
692
884
956
209
926
841
21
29
452
770
215
414
198
737
34
127
915
257
124
669
949
468
969
686
520
811
78
998
840
367
200
604
214
557
486
867
350
605
288
204
193
123
722
385
754
686
921
308
790
879
928
550
13
524
55
260
936
105
425
180
654
336
689
437
191
647
128
172
316
136
838
155
912
559
627
660
223
44
416
99
562
752
438
937
708
140
650
77
85
764
300
885
984
51
835
746
2
577
384
465
858
343
123
918
431
826
13
715
635
198
883
31
394
794
731
633
262
969
855
931
675
601
467
548
722
204
700
902
60
892
351
574
756
740
371
529
130
177
685
243
344
399
630
515
946
736
995
163
375
175
256
820
598
179
537
590
487
167
31
12
544
702
100
46
792
339
395
568
212
79
55
768
907
644
374
893
607
694
105
35
547
929
915
82
980
982
643
742
45
575
776
122
59
593
729
662
737
818
270
175
817
760
470
125
80
177
245
224
965
896
458
771
478
469
187
579
926
958
237
9
55
841
180
67
792
164
362
513
75
955
808
730
974
688
935
375
603
241
369
791
526
987
697
90
163
317
196
666
554
575
826
987
984
785
157
530
243
552
837
771
993
763
85
229
638
292
29
209
760
218
333
464
88
970
755
602
936
294
682
90
843
70
599
646
245
787
329
829
401
123
316
154
105
54
113
677
221
799
814
808
539
246
749
822
111
362
916
775
623
116
257
857
118
390
704
1
251
282
978
951
597
856
307
239
733
471
89
596
784
725
932
415
400
938
78
269
870
758
416
494
229
946
334
898
358
980
288
62
284
260
894
196
995
643
144
193
394
316
503
839
434
650
163
603
994
929
706
137
81
961
546
451
863
133
403
657
543
538
252
850
293
803
856
256
224
721
677
465
493
351
353
754
448
11
193
607
959
761
647
662
300
106
55
377
591
249
454
1
774
582
184
880
314
44
524
783
640
285
438
422
280
885
914
186
413
643
920
0
489
764
784
304
93
234
810
405
954
962
626
880
311
795
583
404
295
402
623
621
566
427
201
242
72
890
742
1
278
103
652
785
101
111
33
883
381
919
480
378
292
620
355
361
20
350
806
651
848
995
819
414
390
551
760
633
912
97
409
100
421
273
898
887
176
222
758
227
402
580
461
772
785
202
165
824
763
794
296
129
32
217
550
174
116
982
175
992
30
79
463
136
153
511
966
894
276
261
99
468
63
966
300
793
308
801
893
721
0
907
651
505
437
553
483
985
885
715
827
962
909
361
957
583
300
908
772
65
958
839
556
146
385
671
722
610
299
653
797
248
390
997
448
256
401
319
854
259
653
994
576
684
393
456
477
415
690
725
327
484
354
553
190
537
51
597
555
22
841
106
627
289
97
293
438
425
594
110
811
480
319
976
498
258
165
3
525
714
783
13
548
124
300
375
260
621
858
387
203
878
1
956
458
808
958
534
375
505
506
300
390
612
535
752
260
487
559
404
392
470
728
56
870
405
480
837
705
162
752
86
965
657
800
678
134
681
944
308
920
427
694
587
612
419
609
222
539
544
273
681
202
677
88
634
834
426
113
166
899
356
828
849
13
505
371
13
947
512
324
235
540
436
251
600
391
914
570
622
370
504
648
724
639
141
364
824
108
231
829
344
942
776
664
280
865
890
100
445
398
185
101
656
713
664
723
438
685
587
198
13
431
859
976
753
652
289
463
621
496
154
854
813
580
824
104
231
451
729
784
810
601
976
279
350
240
530
899
971
633
379
920
606
68
959
533
350
731
164
262
325
737
836
450
58
378
305
200
411
39
241
75
967
890
473
55
817
816
14
350
297
807
654
396
757
261
309
243
813
466
604
948
172
924
932
827
890
805
744
645
974
51
751
569
249
300
465
592
406
459
233
658
981
995
377
895
559
815
164
654
155
132
828
213
247
724
643
438
67
456
167
499
815
185
679
838
620
843
394
375
720
678
239
98
211
386
902
300
335
350
21
10
532
149
623
638
529
686
536
807
279
423
291
164
423
333
252
341
908
75
321
439
747
916
699
953
895
750
11
799
681
525
119
227
196
929
891
570
814
998
20
842
459
982
225
774
972
157
170
580
157
504
858
532
971
242
521
349
812
621
794
317
281
786
668
372
126
533
75
734
403
975
390
875
643
129
163
5
857
91
399
886
994
590
314
507
277
692
766
184
759
762
912
329
452
374
600
883
872
827
363
685
323
415
712
182
850
733
607
652
106
723
92
806
768
826
403
231
468
77
206
928
212
337
634
960
53
352
952
154
972
697
183
923
842
615
566
103
878
236
87
751
956
307
415
369
515
871
115
901
412
690
876
879
111
134
483
461
648
178
103
110
814
754
595
869
460
214
53
770
697
388
785
995
642
876
844
348
823
361
660
0
154
415
869
50
571
317
670
845
625
353
658
36
836
506
35
254
190
94
289
378
176
704
175
747
712
213
598
345
583
68
763
476
705
552
468
573
830
643
25
322
157
624
237
958
224
269
179
843
723
867
229
997
406
308
271
708
386
112
730
237
752
956
389
158
397
288
174
668
354
258
870
307
583
12
907
129
135
351
879
399
367
803
165
805
649
676
19
825
661
442
763
844
294
253
860
329
970
883
126
491
428
208
403
385
820
529
304
57
117
405
979
743
799
304
14
647
827
941
873
503
404
919
158
138
317
940
422
770
573
151
121
541
71
280
555
579
654
474
81
337
934
569
907
645
710
430
220
351
161
745
700
352
379
202
87
146
857
12
726
436
89
702
155
248
25
798
353
738
363
540
818
447
950
489
147
928
624
395
210
898
127
70
864
59
431
880
48
394
261
640
223
195
378
196
430
167
420
111
939
228
510
379
262
518
320
304
783
985
73
433
949
890
424
607
760
377
483
308
80
165
54
814
247
76
605
839
193
357
813
781
668
44
420
570
850
481
689
218
923
166
830
188
504
451
106
456
410
80
867
691
745
638
808
634
8
866
773
393
262
967
848
366
704
863
184
574
977
550
989
747
899
635
850
658
767
851
767
557
153
260
595
129
607
923
143
382
920
706
998
150
209
106
856
300
275
232
694
675
480
415
503
304
588
27
625
925
80
773
660
554
921
576
16
738
303
662
790
199
426
607
228
787
71
456
810
613
304
44
98
444
402
378
37
587
376
650
247
233
5
501
52
564
334
992
581
201
629
412
139
234
338
446
868
804
460
942
26
156
357
390
745
662
916
841
473
370
28
477
177
907
362
398
565
685
948
329
70
283
284
905
320
42
556
994
145
853
267
488
868
421
13
810
197
869
345
257
424
960
900
567
130
367
172
766
161
291
271
894
40
587
745
713
594
579
179
127
975
721
249
418
444
301
852
869
333
444
526
510
46
481
869
452
911
529
742
583
709
169
411
523
245
518
863
744
740
921
61
146
218
725
777
303
821
950
518
122
210
488
31
620
646
833
497
193
122
60
21
982
845
107
124
869
955
728
466
322
412
336
989
310
247
869
951
157
69
246
447
414
378
821
23
478
221
396
566
690
65
317
148
847
461
373
622
575
758
285
392
563
420
141
719
911
793
132
937
663
222
232
323
916
304
894
34
850
615
431
838
73
272
136
160
958
736
412
485
574
16
272
938
983
633
202
343
210
405
695
360
920
372
680
846
88
480
360
317
163
184
93
654
708
169
600
5
151
667
730
37
989
895
997
391
809
991
117
745
779
293
641
883
302
741
826
229
607
767
254
60
916
508
385
947
159
682
778
414
134
266
933
474
145
551
394
680
951
945
497
393
836
31
839
235
747
811
514
2
876
352
950
994
363
718
433
80
173
422
265
568
503
257
608
456
661
242
433
636
243
908
634
35
347
102
765
967
4
804
685
610
732
599
146
51
26
876
744
576
690
1
274
726
822
259
935
99
893
558
214
77
650
236
756
915
980
79
39
473
605
265
509
553
434
568
558
228
86
312
923
561
755
344
249
60
366
710
94
192
502
446
535
271
929
461
883
189
306
525
552
269
418
185
224
371
626
312
887
33
139
614
948
789
803
526
842
47
949
620
281
641
563
526
830
407
410
467
52
677
401
468
773
720
895
39
201
829
865
66
17
141
45
636
793
394
263
391
176
243
93
74
45
907
88
211
432
424
138
209
9
112
726
192
345
485
416
710
772
345
538
994
960
453
336
196
956
867
530
567
896
603
67
803
61
426
90
992
16
159
293
973
112
312
828
357
289
481
329
179
757
516
410
477
791
540
712
643
931
755
736
963
373
964
564
77
396
851
645
537
659
440
982
929
508
210
976
736
257
24
734
786
465
827
428
581
811
199
561
925
401
304
174
734
588
417
218
386
640
392
443
122
28
718
659
641
409
210
317
980
669
261
962
190
970
432
229
448
47
745
343
462
907
861
343
956
281
903
682
911
93
223
163
648
649
726
791
59
4
285
431
190
512
13
747
573
758
96
312
562
744
415
869
233
947
302
600
714
959
994
168
896
61
738
262
806
132
75
933
97
863
517
539
385
134
731
195
641
696
72
321
749
250
861
745
611
607
207
652
243
995
5
192
520
165
583
730
536
889
753
803
880
528
679
212
369
221
275
695
287
964
426
588
959
312
341
941
112
857
588
375
435
57
724
861
965
210
960
706
763
926
933
467
460
49
552
799
738
239
107
684
994
318
908
487
820
648
70
239
540
143
256
54
398
852
44
53
505
191
691
955
290
885
139
186
841
8
218
831
96
777
404
580
600
826
129
747
214
915
658
857
347
884
969
180
81
802
744
963
393
447
330
736
161
346
486
244
890
80
331
312
952
998
789
756
691
365
356
422
51
504
845
600
200
668
42
566
7
148
885
786
288
489
443
526
996
730
467
910
149
134
773
287
229
43
319
560
472
289
91
683
750
129
500
432
952
363
799
535
316
633
55
239
12
902
48
432
88
929
509
33
284
636
406
935
460
252
913
612
563
388
304
855
459
946
603
733
815
158
140
371
213
843
817
911
551
755
239
219
248
363
137
60
332
720
912
949
592
868
516
27
968
193
1
525
863
425
629
819
345
928
645
383
829
310
368
340
982
325
659
97
104
819
203
42
288
372
969
28
365
272
167
507
922
868
201
706
789
80
439
253
633
940
95
742
200
456
95
227
165
902
336
817
277
550
718
767
597
638
219
529
823
156
396
534
262
218
948
17
281
324
212
369
605
720
524
533
786
923
698
888
831
804
969
348
946
263
462
6
176
777
868
358
338
707
519
370
672
917
165
214
768
416
721
930
815
359
457
519
568
355
399
375
506
994
740
408
171
316
376
581
331
9
247
730
251
202
37
281
100
162
226
334
524
345
873
355
116
638
154
529
445
917
279
844
520
852
700
449
788
502
599
374
330
347
775
326
301
901
506
977
462
246
142
812
923
51
536
385
767
239
499
502
45
13
497
234
510
671
501
426
2
460
944
223
867
417
10
752
157
295
761
628
457
900
117
884
233
577
764
361
710
776
665
914
541
639
734
367
712
589
115
631
776
736
439
514
648
377
83
212
845
773
134
335
266
104
891
779
776
920
519
181
747
611
430
402
575
934
877
774
217
260
314
413
106
455
231
900
462
518
582
765
467
522
966
54
173
238
516
893
350
155
565
586
75
86
615
169
313
479
464
410
310
951
254
143
925
836
509
425
849
611
359
815
330
260
997
333
70
771
964
349
478
912
819
228
425
300
760
3
319
326
939
160
299
673
283
241
332
548
316
709
5
783
593
231
607
844
870
791
960
105
831
543
37
361
140
247
75
297
694
261
427
238
51
53
612
161
741
744
715
787
256
364
349
451
194
528
597
17
54
946
976
614
225
775
422
482
645
343
75
290
219
458
803
852
859
491
21
456
520
759
310
373
575
298
102
228
117
207
904
429
632
721
690
829
438
218
677
921
178
759
390
857
749
999
875
155
360
919
257
707
136
339
114
277
178
898
452
535
302
502
828
741
513
767
66
762
354
620
814
111
526
653
496
724
238
807
509
537
846
429
757
983
617
479
418
223
208
330
915
983
233
604
430
957
100
418
932
441
513
584
853
579
445
779
661
918
364
815
663
744
528
41
909
230
327
592
458
961
211
540
694
775
538
491
681
992
142
740
627
982
375
698
703
279
316
863
376
747
225
746
788
932
122
758
21
150
70
697
222
605
143
678
475
5
437
199
417
667
226
226
876
302
608
294
647
224
719
339
542
159
123
588
896
346
881
338
793
434
890
734
891
176
569
978
564
357
766
4
434
337
677
400
187
235
505
537
434
746
585
780
507
86
452
194
976
606
529
496
156
103
688
60
324
629
980
61
990
665
849
15
329
895
578
834
828
707
252
903
27
40
919
879
379
300
898
199
639
739
757
179
731
855
178
654
125
137
21
995
668
351
411
812
297
761
254
548
570
377
446
395
493
815
500
574
562
662
984
608
545
135
570
561
538
983
77
808
571
680
423
712
988
577
870
381
862
651
581
818
418
449
107
97
671
402
101
502
491
287
753
640
874
571
595
516
621
484
685
879
353
69
311
712
872
541
87
977
621
872
698
664
809
775
416
998
498
30
685
362
131
699
91
891
575
358
781
177
95
193
583
223
835
341
753
247
149
174
730
617
673
564
257
98
976
600
639
373
948
855
473
424
318
142
1
630
491
194
523
676
645
714
373
194
182
228
144
497
103
160
500
643
142
541
719
347
318
654
557
978
512
913
988
947
680
804
119
236
842
548
418
665
739
667
653
335
644
941
377
41
273
15
679
675
16
701
888
601
805
191
263
858
395
479
267
575
180
921
168
666
65
759
445
28
813
544
265
447
371
557
543
565
905
888
80
731
612
937
439
262
690
478
495
496
799
886
105
631
111
962
610
43
763
248
241
609
950
14
543
200
431
895
182
391
585
69
484
2
949
388
689
191
81
175
75
105
978
153
819
400
597
337
400
699
668
747
282
540
52
647
73
342
594
241
956
773
422
172
357
9
215
579
57
401
990
118
629
848
431
189
228
127
546
84
702
399
656
859
323
232
737
153
509
491
394
133
562
9
227
664
368
246
439
34
532
622
661
631
123
90
755
694
673
998
522
942
192
714
532
773
288
323
682
455
197
662
698
535
86
152
478
941
586
557
136
364
901
203
369
767
160
154
809
575
142
146
8
179
778
473
515
653
470
983
802
93
503
888
983
316
588
6
393
535
877
112
38
598
857
820
799
552
719
180
605
181
838
743
241
928
208
935
33
942
529
370
519
583
413
351
995
680
528
711
681
155
535
14
333
684
219
700
595
576
150
309
443
396
398
185
785
23
390
112
739
941
100
198
219
986
317
847
764
687
916
919
994
195
338
776
930
233
216
425
136
522
536
960
8
87
9
652
732
134
656
225
124
294
259
568
283
912
938
506
590
780
767
202
680
693
532
980
48
274
347
702
140
98
784
33
303
827
883
292
237
560
34
413
488
156
836
748
531
79
215
815
787
812
731
460
318
972
256
974
371
467
601
902
889
676
92
965
308
372
409
780
682
968
168
825
491
164
984
910
175
482
458
279
601
371
700
448
849
28
241
273
992
215
845
519
180
749
663
648
123
542
527
266
925
397
543
552
834
842
909
530
194
357
902
232
387
252
527
772
765
201
485
185
506
187
332
195
305
911
269
148
425
436
728
112
74
296
705
814
576
161
255
92
753
932
615
750
614
532
351
586
966
343
775
555
789
547
26
975
155
72
713
407
873
234
337
364
55
678
91
472
937
22
233
48
504
851
329
812
964
542
234
359
439
275
26
602
445
186
394
424
792
371
729
29
775
37
541
136
38
180
257
138
794
109
664
137
395
95
208
302
723
687
265
216
661
975
644
826
935
557
913
904
706
28
128
697
296
585
281
321
677
404
711
134
133
609
976
317
973
570
544
769
614
275
114
815
357
769
800
544
502
24
498
900
142
663
850
983
623
778
424
147
550
596
634
834
432
495
707
934
939
498
796
320
218
725
161
169
88
708
106
415
6
110
1
384
703
785
99
836
144
667
855
826
301
831
476
898
879
891
160
626
970
226
506
631
434
259
769
514
509
724
374
84
91
452
411
167
779
396
727
219
768
193
146
466
160
354
635
593
404
184
9
867
787
782
493
739
986
142
39
838
790
446
176
458
610
461
44
415
252
182
522
209
897
264
84
719
329
671
593
779
253
875
418
966
973
394
282
887
622
533
454
984
305
484
971
806
494
343
327
83
919
106
224
297
369
707
305
452
877
683
307
453
262
39
712
287
202
379
331
920
539
226
659
62
896
980
205
955
660
467
929
278
656
292
261
783
580
919
614
47
440
851
950
10
897
898
303
914
40
715
269
673
668
242
721
667
399
208
857
845
582
48
421
678
234
264
453
928
924
552
407
659
14
874
300
535
772
221
714
379
992
456
932
319
485
24
933
930
404
22
723
73
146
872
992
381
891
